# Made in Blockbench 4.10.0
mtllib rei_22_5.mtl

o flat hair
v -0.2754551237756626 0.5625 -0.15950545191327714
v -0.282630438132508 0.5625 -0.17682819314786374
v -0.2754551237756626 0.5 -0.15950545191327714
v -0.282630438132508 0.5 -0.17682819314786374
v -0.34037290891446337 0.5625 -0.1529104786250456
v -0.333197594557618 0.5625 -0.13558773739045904
v -0.34037290891446337 0.5 -0.1529104786250456
v -0.333197594557618 0.5 -0.13558773739045904
vt 0.03125 0.625
vt 0 0.625
vt 0 0.609375
vt 0.03125 0.609375
vt 0 0.625
vt 0.03125 0.625
vt 0.03125 0.609375
vt 0 0.609375
vt 0.03125 0.625
vt 0 0.625
vt 0 0.609375
vt 0.03125 0.609375
vt 0.09375 1
vt 0.125 1
vt 0.125 0.984375
vt 0.09375 0.984375
vt 0 0.625
vt 0.015625 0.625
vt 0.015625 0.609375
vt 0 0.609375
vt 0 0.625
vt 0.015625 0.625
vt 0.015625 0.609375
vt 0 0.609375
vn -0.3826834323650897 0 -0.9238795325112867
vn 0.9238795325112867 0 -0.3826834323650897
vn 0.3826834323650897 0 0.9238795325112867
vn -0.9238795325112867 0 0.3826834323650897
vn 0 1 0
vn 0 -1 0
usemtl m_8ff1b30b-170e-253e-32f7-64cdd7b0c790
f 4/4/1 7/3/1 5/2/1 2/1/1
f 3/8/2 4/7/2 2/6/2 1/5/2
f 8/12/3 3/11/3 1/10/3 6/9/3
f 7/16/4 8/15/4 6/14/4 5/13/4
f 6/20/5 1/19/5 2/18/5 5/17/5
f 7/24/6 4/23/6 3/22/6 8/21/6
o flat hair
v -0.15997018221175174 0.875 -0.20734088095891334
v -0.16714549656859712 0.875 -0.22466362219349995
v -0.15997018221175174 0.625 -0.20734088095891334
v -0.16714549656859712 0.625 -0.22466362219349995
v -0.2248879673505526 0.875 -0.20074590767068184
v -0.21771265299370723 0.875 -0.18342316643609524
v -0.2248879673505526 0.625 -0.20074590767068184
v -0.21771265299370723 0.625 -0.18342316643609524
vt 0.078125 1
vt 0.0625 1
vt 0.0625 0.9375
vt 0.078125 0.9375
vt 0.078125 1
vt 0.0625 1
vt 0.0625 0.9375
vt 0.078125 0.9375
vt 0.078125 1
vt 0.0625 1
vt 0.0625 0.9375
vt 0.078125 0.9375
vt 0.0625 1
vt 0.078125 1
vt 0.078125 0.9375
vt 0.0625 0.9375
vt 0.0625 1
vt 0.078125 1
vt 0.078125 0.9375
vt 0.0625 0.9375
vt 0.0625 1
vt 0.078125 1
vt 0.078125 0.9375
vt 0.0625 0.9375
vn -0.3826834323650897 0 -0.9238795325112867
vn 0.9238795325112867 0 -0.3826834323650897
vn 0.3826834323650897 0 0.9238795325112867
vn -0.9238795325112867 0 0.3826834323650897
vn 0 1 0
vn 0 -1 0
usemtl m_8ff1b30b-170e-253e-32f7-64cdd7b0c790
f 12/28/7 15/27/7 13/26/7 10/25/7
f 11/32/8 12/31/8 10/30/8 9/29/8
f 16/36/9 11/35/9 9/34/9 14/33/9
f 15/40/10 16/39/10 14/38/10 13/37/10
f 14/44/11 9/43/11 10/42/11 13/41/11
f 15/48/12 12/47/12 11/46/12 16/45/12
o flat hair
v 0.12874217169802527 0.5625 -0.32692945357300396
v 0.12156685734117989 0.5625 -0.34425219480759056
v 0.12874217169802527 0.5 -0.32692945357300396
v 0.12156685734117989 0.5 -0.34425219480759056
v 0.06382438655922451 0.5625 -0.3203344802847724
v 0.07099970091606989 0.5625 -0.3030117390501858
v 0.06382438655922451 0.5 -0.3203344802847724
v 0.07099970091606989 0.5 -0.3030117390501858
vt 0 0.625
vt 0.03125 0.625
vt 0.03125 0.609375
vt 0 0.609375
vt 0 0.625
vt 0.015625 0.625
vt 0.015625 0.609375
vt 0 0.609375
vt 0 0.625
vt 0.03125 0.625
vt 0.03125 0.609375
vt 0 0.609375
vt 0.015625 0.625
vt 0.046875 0.625
vt 0.046875 0.609375
vt 0.015625 0.609375
vt 0.015625 0.625
vt 0 0.625
vt 0 0.609375
vt 0.015625 0.609375
vt 0.015625 0.625
vt 0 0.625
vt 0 0.609375
vt 0.015625 0.609375
vn -0.3826834323650897 0 -0.9238795325112867
vn 0.9238795325112867 0 -0.3826834323650897
vn 0.3826834323650897 0 0.9238795325112867
vn -0.9238795325112867 0 0.3826834323650897
vn 0 1 0
vn 0 -1 0
usemtl m_8ff1b30b-170e-253e-32f7-64cdd7b0c790
f 20/52/13 23/51/13 21/50/13 18/49/13
f 19/56/14 20/55/14 18/54/14 17/53/14
f 24/60/15 19/59/15 17/58/15 22/57/15
f 23/64/16 24/63/16 22/62/16 21/61/16
f 22/68/17 17/67/17 18/66/17 21/65/17
f 23/72/18 20/71/18 19/70/18 24/69/18
o flat hair
v 0.013257230134114506 0.875 -0.2790940245273677
v 0.006081915777269131 0.875 -0.2964167657619543
v 0.013257230134114506 0.625 -0.2790940245273677
v 0.006081915777269131 0.625 -0.2964167657619543
v -0.05166055500468636 0.875 -0.2724990512391362
v -0.044485240647840985 0.875 -0.2551763100045496
v -0.05166055500468636 0.625 -0.2724990512391362
v -0.044485240647840985 0.625 -0.2551763100045496
vt 0.0625 1
vt 0.078125 1
vt 0.078125 0.9375
vt 0.0625 0.9375
vt 0.0625 1
vt 0.078125 1
vt 0.078125 0.9375
vt 0.0625 0.9375
vt 0.078125 1
vt 0.09375 1
vt 0.09375 0.9375
vt 0.078125 0.9375
vt 0.078125 1
vt 0.09375 1
vt 0.09375 0.9375
vt 0.078125 0.9375
vt 0.078125 1
vt 0.0625 1
vt 0.0625 0.9375
vt 0.078125 0.9375
vt 0.078125 1
vt 0.0625 1
vt 0.0625 0.9375
vt 0.078125 0.9375
vn -0.3826834323650897 0 -0.9238795325112867
vn 0.9238795325112867 0 -0.3826834323650897
vn 0.3826834323650897 0 0.9238795325112867
vn -0.9238795325112867 0 0.3826834323650897
vn 0 1 0
vn 0 -1 0
usemtl m_8ff1b30b-170e-253e-32f7-64cdd7b0c790
f 28/76/19 31/75/19 29/74/19 26/73/19
f 27/80/20 28/79/20 26/78/20 25/77/20
f 32/84/21 27/83/21 25/82/21 30/81/21
f 31/88/22 32/87/22 30/86/22 29/85/22
f 30/92/23 25/91/23 26/90/23 29/89/23
f 31/96/24 28/95/24 27/94/24 32/93/24
o flat hair
v -0.04472441779306913 0.5625 -0.2557537347123692
v -0.05189973214991461 0.5625 -0.27307647594695583
v -0.04472441779306913 0.5 -0.2557537347123692
v -0.05189973214991461 0.5 -0.27307647594695583
v -0.10964220293186999 0.5625 -0.24915876142413768
v -0.10246688857502462 0.5625 -0.23183602018955102
v -0.10964220293186999 0.5 -0.24915876142413768
v -0.10246688857502462 0.5 -0.23183602018955102
vt 0 0.625
vt 0.03125 0.625
vt 0.03125 0.609375
vt 0 0.609375
vt 0 0.625
vt 0.015625 0.625
vt 0.015625 0.609375
vt 0 0.609375
vt 0 0.625
vt 0.03125 0.625
vt 0.03125 0.609375
vt 0 0.609375
vt 0.015625 0.625
vt 0.046875 0.625
vt 0.046875 0.609375
vt 0.015625 0.609375
vt 0.015625 0.625
vt 0 0.625
vt 0 0.609375
vt 0.015625 0.609375
vt 0.015625 0.625
vt 0 0.625
vt 0 0.609375
vt 0.015625 0.609375
vn -0.3826834323650897 0 -0.9238795325112867
vn 0.9238795325112867 0 -0.3826834323650897
vn 0.3826834323650897 0 0.9238795325112867
vn -0.9238795325112867 0 0.3826834323650897
vn 0 1 0
vn 0 -1 0
usemtl m_8ff1b30b-170e-253e-32f7-64cdd7b0c790
f 36/100/25 39/99/25 37/98/25 34/97/25
f 35/104/26 36/103/26 34/102/26 33/101/26
f 40/108/27 35/107/27 33/106/27 38/105/27
f 39/112/28 40/111/28 38/110/28 37/109/28
f 38/116/29 33/115/29 34/114/29 37/113/29
f 39/120/30 36/119/30 35/118/30 40/117/30
o cube
v 0.3200838878805703 0.89375 0.13501031268263963
v 0.12874217169802538 0.89375 -0.32692945357300374
v 0.3200838878805703 0.875 0.13501031268263963
v 0.12874217169802538 0.875 -0.32692945357300374
v -0.333197594557618 0.89375 -0.13558773739045893
v -0.14185587837507307 0.89375 0.32635202886518444
v -0.333197594557618 0.875 -0.13558773739045893
v -0.14185587837507307 0.875 0.32635202886518444
vt 0.125 0.625
vt 0.25 0.625
vt 0.25 0.75
vt 0.125 0.75
vt 0.125 0.625
vt 0.25 0.625
vt 0.25 0.75
vt 0.125 0.75
vt 0.125 0.625
vt 0.25 0.625
vt 0.25 0.75
vt 0.125 0.75
vt 0.125 0.625
vt 0.25 0.625
vt 0.25 0.75
vt 0.125 0.75
vt 0.25 0.625
vt 0.125 0.625
vt 0.125 0.75
vt 0.25 0.75
vt 0.25 0.75
vt 0.125 0.75
vt 0.125 0.625
vt 0.25 0.625
vn -0.3826834323650897 0 -0.9238795325112867
vn 0.9238795325112867 0 -0.3826834323650897
vn 0.3826834323650897 0 0.9238795325112867
vn -0.9238795325112867 0 0.3826834323650897
vn 0 1 0
vn 0 -1 0
usemtl m_8ff1b30b-170e-253e-32f7-64cdd7b0c790
f 44/124/31 47/123/31 45/122/31 42/121/31
f 43/128/32 44/127/32 42/126/32 41/125/32
f 48/132/33 43/131/33 41/130/33 46/129/33
f 47/136/34 48/135/34 46/134/34 45/133/34
f 46/140/35 41/139/35 42/138/35 45/137/35
f 47/144/36 44/143/36 43/142/36 48/141/36
o cube
v -0.2847847408041623 0.4375 -0.020341972971776423
v -0.3326201698497985 0.4375 -0.13582691453568724
v -0.2847847408041623 0.375 -0.020341972971776423
v -0.3326201698497985 0.375 -0.13582691453568724
v -0.34994291108438513 0.4375 -0.1286516001788418
v -0.30210748203874893 0.4375 -0.013166658614930993
v -0.34994291108438513 0.375 -0.1286516001788418
v -0.30210748203874893 0.375 -0.013166658614930993
vt 0 0.625
vt 0.03125 0.625
vt 0.03125 0.609375
vt 0 0.609375
vt 0 0.625
vt 0.03125 0.625
vt 0.03125 0.609375
vt 0 0.609375
vt 0.03125 0.625
vt 0 0.625
vt 0 0.609375
vt 0.03125 0.609375
vt 0 0.625
vt 0.03125 0.625
vt 0.03125 0.609375
vt 0 0.609375
vt 0 0.609375
vt 0.03125 0.609375
vt 0.03125 0.625
vt 0 0.625
vt 0 0.625
vt 0.03125 0.625
vt 0.03125 0.609375
vt 0 0.609375
vn -0.3826834323650897 0 -0.9238795325112867
vn 0.9238795325112867 0 -0.3826834323650897
vn 0.3826834323650897 0 0.9238795325112867
vn -0.9238795325112867 0 0.3826834323650897
vn 0 1 0
vn 0 -1 0
usemtl m_8ff1b30b-170e-253e-32f7-64cdd7b0c790
f 52/148/37 55/147/37 53/146/37 50/145/37
f 51/152/38 52/151/38 50/150/38 49/149/38
f 56/156/39 51/155/39 49/154/39 54/153/39
f 55/160/40 56/159/40 54/158/40 53/157/40
f 54/164/41 49/163/41 50/162/41 53/161/41
f 55/168/42 52/167/42 51/166/42 56/165/42
o cube
v -0.23694931175852607 0.4375 0.09514296859213445
v -0.26086702628134417 0.4375 0.037400497810178956
v -0.23694931175852607 0.375 0.09514296859213445
v -0.26086702628134417 0.375 0.037400497810178956
v -0.27818976751593083 0.4375 0.04457581216702444
v -0.25427205299311273 0.4375 0.10231828294897993
v -0.27818976751593083 0.375 0.04457581216702444
v -0.25427205299311273 0.375 0.10231828294897993
vt 0.03125 0.625
vt 0 0.625
vt 0 0.609375
vt 0.03125 0.609375
vt 0 0.625
vt 0.03125 0.625
vt 0.03125 0.609375
vt 0 0.609375
vt 0.03125 0.625
vt 0 0.625
vt 0 0.609375
vt 0.03125 0.609375
vt 0 0.625
vt 0.03125 0.625
vt 0.03125 0.609375
vt 0 0.609375
vt 0.03125 0.609375
vt 0 0.609375
vt 0 0.625
vt 0.03125 0.625
vt 0 0.625
vt 0.03125 0.625
vt 0.03125 0.609375
vt 0 0.609375
vn -0.3826834323650897 0 -0.9238795325112867
vn 0.9238795325112867 0 -0.3826834323650897
vn 0.3826834323650897 0 0.9238795325112867
vn -0.9238795325112867 0 0.3826834323650897
vn 0 1 0
vn 0 -1 0
usemtl m_8ff1b30b-170e-253e-32f7-64cdd7b0c790
f 60/172/43 63/171/43 61/170/43 58/169/43
f 59/176/44 60/175/44 58/174/44 57/173/44
f 64/180/45 59/179/45 57/178/45 62/177/45
f 63/184/46 64/183/46 62/182/46 61/181/46
f 62/188/47 57/187/47 58/186/47 61/185/47
f 63/192/48 60/191/48 59/190/48 64/189/48
o cube
v -0.14127845366725356 0.4375 0.3261128517199561
v -0.16519616819007177 0.4375 0.2683703809380007
v -0.14127845366725356 0.375 0.3261128517199561
v -0.16519616819007177 0.375 0.2683703809380007
v -0.18251890942465843 0.4375 0.27554569529484607
v -0.15860119490184021 0.4375 0.33328816607680145
v -0.18251890942465843 0.375 0.27554569529484607
v -0.15860119490184021 0.375 0.33328816607680145
vt 0.03125 0.625
vt 0 0.625
vt 0 0.609375
vt 0.03125 0.609375
vt 0 0.625
vt 0.03125 0.625
vt 0.03125 0.609375
vt 0 0.609375
vt 0.03125 0.625
vt 0 0.625
vt 0 0.609375
vt 0.03125 0.609375
vt 0 0.625
vt 0.03125 0.625
vt 0.03125 0.609375
vt 0 0.609375
vt 0.03125 0.609375
vt 0 0.609375
vt 0 0.625
vt 0.03125 0.625
vt 0.03125 0.625
vt 0 0.625
vt 0 0.609375
vt 0.03125 0.609375
vn -0.3826834323650897 0 -0.9238795325112867
vn 0.9238795325112867 0 -0.3826834323650897
vn 0.3826834323650897 0 0.9238795325112867
vn -0.9238795325112867 0 0.3826834323650897
vn 0 1 0
vn 0 -1 0
usemtl m_8ff1b30b-170e-253e-32f7-64cdd7b0c790
f 68/196/49 71/195/49 69/194/49 66/193/49
f 67/200/50 68/199/50 66/198/50 65/197/50
f 72/204/51 67/203/51 65/202/51 70/201/51
f 71/208/52 72/207/52 70/206/52 69/205/52
f 70/212/53 65/211/53 66/210/53 69/209/53
f 71/216/54 68/215/54 67/214/54 72/213/54
o cube
v -0.21303159723570797 0.4375 0.15288543937408983
v -0.23694931175852607 0.4375 0.09514296859213445
v -0.21303159723570797 0.375 0.15288543937408983
v -0.23694931175852607 0.375 0.09514296859213445
v -0.25427205299311273 0.4375 0.10231828294897993
v -0.23035433847029463 0.4375 0.1600607537309353
v -0.25427205299311273 0.375 0.10231828294897993
v -0.23035433847029463 0.375 0.1600607537309353
vt 0.03125 0.625
vt 0 0.625
vt 0 0.609375
vt 0.03125 0.609375
vt 0 0.625
vt 0.03125 0.625
vt 0.03125 0.609375
vt 0 0.609375
vt 0.03125 0.625
vt 0 0.625
vt 0 0.609375
vt 0.03125 0.609375
vt 0 0.625
vt 0.03125 0.625
vt 0.03125 0.609375
vt 0 0.609375
vt 0.03125 0.609375
vt 0 0.609375
vt 0 0.625
vt 0.03125 0.625
vt 0 0.625
vt 0.03125 0.625
vt 0.03125 0.609375
vt 0 0.609375
vn -0.3826834323650897 0 -0.9238795325112867
vn 0.9238795325112867 0 -0.3826834323650897
vn 0.3826834323650897 0 0.9238795325112867
vn -0.9238795325112867 0 0.3826834323650897
vn 0 1 0
vn 0 -1 0
usemtl m_8ff1b30b-170e-253e-32f7-64cdd7b0c790
f 76/220/55 79/219/55 77/218/55 74/217/55
f 75/224/56 76/223/56 74/222/56 73/221/56
f 80/228/57 75/227/57 73/226/57 78/225/57
f 79/232/58 80/231/58 78/230/58 77/229/58
f 78/236/59 73/235/59 74/234/59 77/233/59
f 79/240/60 76/239/60 75/238/60 80/237/60
o cube
v 0.19447776668606764 0.4375 -0.21885900351116666
v 0.14664233764043144 0.4375 -0.3343439450750775
v 0.19447776668606764 0.375 -0.21885900351116666
v 0.14664233764043144 0.375 -0.3343439450750775
v 0.12931959640584478 0.4375 -0.327168630718232
v 0.17715502545148099 0.4375 -0.21168368915432118
v 0.12931959640584478 0.375 -0.327168630718232
v 0.17715502545148099 0.375 -0.21168368915432118
vt 0.03125 0.921875
vt 0.03125 0.921875
vt 0.03125 0.90625
vt 0.03125 0.90625
vt 0.03125 0.625
vt 0 0.625
vt 0 0.609375
vt 0.03125 0.609375
vt 0.0625 0.921875
vt 0.0625 0.921875
vt 0.0625 0.90625
vt 0.0625 0.90625
vt 0.03125 0.625
vt 0 0.625
vt 0 0.609375
vt 0.03125 0.609375
vt 0 0.609375
vt 0.03125 0.609375
vt 0.03125 0.625
vt 0 0.625
vt 0.03125 0.953125
vt 0.03125 0.953125
vt 0.03125 0.921875
vt 0.03125 0.921875
vn -0.3826834323650897 0 -0.9238795325112867
vn 0.9238795325112867 0 -0.3826834323650897
vn 0.3826834323650897 0 0.9238795325112867
vn -0.9238795325112867 0 0.3826834323650897
vn 0 1 0
vn 0 -1 0
usemtl m_8ff1b30b-170e-253e-32f7-64cdd7b0c790
f 84/244/61 87/243/61 85/242/61 82/241/61
f 83/248/62 84/247/62 82/246/62 81/245/62
f 88/252/63 83/251/63 81/250/63 86/249/63
f 87/256/64 88/255/64 86/254/64 85/253/64
f 86/260/65 81/259/65 82/258/65 85/257/65
f 87/264/66 84/263/66 83/262/66 88/261/66
o cube
v 0.24231319573170385 0.4375 -0.10337406194725574
v 0.21839548120888574 0.4375 -0.16111653272921123
v 0.24231319573170385 0.375 -0.10337406194725574
v 0.21839548120888574 0.375 -0.16111653272921123
v 0.2010727399742991 0.4375 -0.15394121837236574
v 0.2249904544971172 0.4375 -0.09619874759041036
v 0.2010727399742991 0.375 -0.15394121837236574
v 0.2249904544971172 0.375 -0.09619874759041036
vt 0.046875 0.59375
vt 0 0.59375
vt 0 0.625
vt 0.046875 0.625
vt 0.0625 0.625
vt 0 0.625
vt 0 0.59375
vt 0.0625 0.59375
vt 0.0625 0.625
vt 0 0.625
vt 0 0.59375
vt 0.0625 0.59375
vt 0.046875 0.625
vt 0 0.625
vt 0 0.59375
vt 0.046875 0.59375
vt 0.046875 0.59375
vt 0 0.59375
vt 0 0.625
vt 0.046875 0.625
vt 0 0.625
vt 0.046875 0.625
vt 0.046875 0.578125
vt 0 0.578125
vn -0.3826834323650897 0 -0.9238795325112867
vn 0.9238795325112867 0 -0.3826834323650897
vn 0.3826834323650897 0 0.9238795325112867
vn -0.9238795325112867 0 0.3826834323650897
vn 0 1 0
vn 0 -1 0
usemtl m_8ff1b30b-170e-253e-32f7-64cdd7b0c790
f 92/268/67 95/267/67 93/266/67 90/265/67
f 91/272/68 92/271/68 90/270/68 89/269/68
f 96/276/69 91/275/69 89/274/69 94/273/69
f 95/280/70 96/279/70 94/278/70 93/277/70
f 94/284/71 89/283/71 90/282/71 93/281/71
f 95/288/72 92/287/72 91/286/72 96/285/72
o cube
v 0.26623091025452195 0.4375 -0.045631591165300356
v 0.24231319573170385 0.4375 -0.10337406194725574
v 0.26623091025452195 0.375 -0.045631591165300356
v 0.24231319573170385 0.375 -0.10337406194725574
v 0.2249904544971172 0.4375 -0.09619874759041036
v 0.2489081690199353 0.4375 -0.03845627680845498
v 0.2249904544971172 0.375 -0.09619874759041036
v 0.2489081690199353 0.375 -0.03845627680845498
vt 0.046875 0.59375
vt 0 0.59375
vt 0 0.625
vt 0.046875 0.625
vt 0.0625 0.625
vt 0 0.625
vt 0 0.59375
vt 0.0625 0.59375
vt 0.0625 0.625
vt 0 0.625
vt 0 0.59375
vt 0.0625 0.59375
vt 0.046875 0.625
vt 0 0.625
vt 0 0.59375
vt 0.046875 0.59375
vt 0.046875 0.59375
vt 0 0.59375
vt 0 0.625
vt 0.046875 0.625
vt 0 0.625
vt 0.046875 0.625
vt 0.046875 0.578125
vt 0 0.578125
vn -0.3826834323650897 0 -0.9238795325112867
vn 0.9238795325112867 0 -0.3826834323650897
vn 0.3826834323650897 0 0.9238795325112867
vn -0.9238795325112867 0 0.3826834323650897
vn 0 1 0
vn 0 -1 0
usemtl m_8ff1b30b-170e-253e-32f7-64cdd7b0c790
f 100/292/73 103/291/73 101/290/73 98/289/73
f 99/296/74 100/295/74 98/294/74 97/293/74
f 104/300/75 99/299/75 97/298/75 102/297/75
f 103/304/76 104/303/76 102/302/76 101/301/76
f 102/308/77 97/307/77 98/306/77 101/305/77
f 103/312/78 100/311/78 99/310/78 104/309/78
o cube
v 0.33798405382297636 0.4375 0.1275958211805659
v 0.31406633930015815 0.4375 0.06985335039861051
v 0.33798405382297636 0.375 0.1275958211805659
v 0.31406633930015815 0.375 0.06985335039861051
v 0.2967435980655715 0.4375 0.07702866475545589
v 0.3206613125883897 0.4375 0.13477113553741127
v 0.2967435980655715 0.375 0.07702866475545589
v 0.3206613125883897 0.375 0.13477113553741127
vt 0.078125 0.921875
vt 0.078125 0.921875
vt 0.078125 0.90625
vt 0.078125 0.90625
vt 0.046875 0.625
vt 0 0.625
vt 0 0.578125
vt 0.046875 0.578125
vt 0 0.625
vt 0.046875 0.625
vt 0.046875 0.59375
vt 0 0.59375
vt 0.03125 0.625
vt 0 0.625
vt 0 0.59375
vt 0.03125 0.59375
vt 0.078125 0.921875
vt 0.078125 0.921875
vt 0.078125 0.9375
vt 0.078125 0.9375
vt 0.078125 0.9375
vt 0.078125 0.9375
vt 0.078125 0.921875
vt 0.078125 0.921875
vn -0.3826834323650897 0 -0.9238795325112867
vn 0.9238795325112867 0 -0.3826834323650897
vn 0.3826834323650897 0 0.9238795325112867
vn -0.9238795325112867 0 0.3826834323650897
vn 0 1 0
vn 0 -1 0
usemtl m_8ff1b30b-170e-253e-32f7-64cdd7b0c790
f 108/316/79 111/315/79 109/314/79 106/313/79
f 107/320/80 108/319/80 106/318/80 105/317/80
f 112/324/81 107/323/81 105/322/81 110/321/81
f 111/328/82 112/327/82 110/326/82 109/325/82
f 110/332/83 105/331/83 106/330/83 109/329/83
f 111/336/84 108/335/84 107/334/84 112/333/84
o cube
v 0.3274983793826439 0.875 0.1529104786250458
v 0.32032306502579844 0.875 0.13558773739045904
v 0.3274983793826439 0.4375 0.1529104786250458
v 0.32032306502579844 0.4375 0.13558773739045904
v -0.14161670122984493 0.875 0.32692945357300396
v -0.13444138687299945 0.875 0.3442521948075906
v -0.14161670122984493 0.4375 0.32692945357300396
v -0.13444138687299945 0.4375 0.3442521948075906
vt 0.375 1
vt 0.5 1
vt 0.5 0.890625
vt 0.375 0.890625
vt 0.390625 1
vt 0.515625 1
vt 0.515625 0.890625
vt 0.390625 0.890625
vt 0.453125 1
vt 0.578125 1
vt 0.578125 0.890625
vt 0.453125 0.890625
vt 0.453125 1
vt 0.578125 1
vt 0.578125 0.890625
vt 0.453125 0.890625
vt 0.546875 1
vt 0.421875 1
vt 0.421875 0.890625
vt 0.546875 0.890625
vt 0.625 1
vt 0.5 1
vt 0.5 0.890625
vt 0.625 0.890625
vn -0.3826834323650897 0 -0.9238795325112867
vn 0.9238795325112867 0 -0.3826834323650897
vn 0.3826834323650897 0 0.9238795325112867
vn -0.9238795325112867 0 0.3826834323650897
vn 0 1 0
vn 0 -1 0
usemtl m_8ff1b30b-170e-253e-32f7-64cdd7b0c790
f 116/340/85 119/339/85 117/338/85 114/337/85
f 115/344/86 116/343/86 114/342/86 113/341/86
f 120/348/87 115/347/87 113/346/87 118/345/87
f 119/352/88 120/351/88 118/350/88 117/349/88
f 118/356/89 113/355/89 114/354/89 117/353/89
f 119/360/90 116/359/90 115/358/90 120/357/90
o flat hair
v -0.044485240647840985 0.875 -0.2551763100045496
v -0.05166055500468636 0.875 -0.2724990512391362
v -0.044485240647840985 0.5625 -0.2551763100045496
v -0.05166055500468636 0.5625 -0.2724990512391362
v -0.16714549656859723 0.875 -0.2246636221935
v -0.15997018221175185 0.875 -0.20734088095891334
v -0.16714549656859723 0.5625 -0.2246636221935
v -0.15997018221175185 0.5625 -0.20734088095891334
vt 0 1
vt 0.03125 1
vt 0.03125 0.921875
vt 0 0.921875
vt 0 1
vt 0.015625 1
vt 0.015625 0.921875
vt 0 0.921875
vt 0.03125 1
vt 0.0625 1
vt 0.0625 0.921875
vt 0.03125 0.921875
vt 0.03125 1
vt 0.0625 1
vt 0.0625 0.921875
vt 0.03125 0.921875
vt 0.03125 1
vt 0 1
vt 0 0.921875
vt 0.03125 0.921875
vt 0.0625 1
vt 0.03125 1
vt 0.03125 0.921875
vt 0.0625 0.921875
vn -0.3826834323650897 0 -0.9238795325112867
vn 0.9238795325112867 0 -0.3826834323650897
vn 0.3826834323650897 0 0.9238795325112867
vn -0.9238795325112867 0 0.3826834323650897
vn 0 1 0
vn 0 -1 0
usemtl m_8ff1b30b-170e-253e-32f7-64cdd7b0c790
f 124/364/91 127/363/91 125/362/91 122/361/91
f 123/368/92 124/367/92 122/366/92 121/365/92
f 128/372/93 123/371/93 121/370/93 126/369/93
f 127/376/94 128/375/94 126/374/94 125/373/94
f 126/380/95 121/379/95 122/378/95 125/377/95
f 127/384/96 124/383/96 123/382/96 128/381/96
o flat hair
v -0.1024668885750245 0.5625 -0.23183602018955096
v -0.10964220293186999 0.5625 -0.24915876142413762
v -0.1024668885750245 0.5 -0.23183602018955096
v -0.10964220293186999 0.5 -0.24915876142413762
v -0.16738467371382537 0.5625 -0.22524104690131952
v -0.16020935935697989 0.5625 -0.20791830566673286
v -0.16738467371382537 0.5 -0.22524104690131952
v -0.16020935935697989 0.5 -0.20791830566673286
vt 0.03125 0.625
vt 0 0.625
vt 0 0.609375
vt 0.03125 0.609375
vt 0.015625 0.625
vt 0.03125 0.625
vt 0.03125 0.609375
vt 0.015625 0.609375
vt 0.03125 0.625
vt 0 0.625
vt 0 0.609375
vt 0.03125 0.609375
vt 0 0.625
vt 0.03125 0.625
vt 0.03125 0.609375
vt 0 0.609375
vt 0 0.625
vt 0.015625 0.625
vt 0.015625 0.609375
vt 0 0.609375
vt 0 0.625
vt 0.015625 0.625
vt 0.015625 0.609375
vt 0 0.609375
vn -0.3826834323650897 0 -0.9238795325112867
vn 0.9238795325112867 0 -0.3826834323650897
vn 0.3826834323650897 0 0.9238795325112867
vn -0.9238795325112867 0 0.3826834323650897
vn 0 1 0
vn 0 -1 0
usemtl m_8ff1b30b-170e-253e-32f7-64cdd7b0c790
f 132/388/97 135/387/97 133/386/97 130/385/97
f 131/392/98 132/391/98 130/390/98 129/389/98
f 136/396/99 131/395/99 129/394/99 134/393/99
f 135/400/100 136/399/100 134/398/100 133/397/100
f 134/404/101 129/403/101 130/402/101 133/401/101
f 135/408/102 132/407/102 131/406/102 136/405/102
o cube
v -0.07669891609104407 0.4375 0.3203344802847725
v -0.0838742304478895 0.4375 0.30301173905018586
v -0.07669891609104407 0.375 0.3203344802847725
v -0.0838742304478895 0.375 0.30301173905018586
v -0.14161670122984493 0.4375 0.32692945357300396
v -0.13444138687299945 0.4375 0.3442521948075906
v -0.14161670122984493 0.375 0.32692945357300396
v -0.13444138687299945 0.375 0.3442521948075906
vt 0 0.625
vt 0.03125 0.625
vt 0.03125 0.53125
vt 0 0.53125
vt 0 0.625
vt 0.03125 0.625
vt 0.03125 0.5625
vt 0 0.5625
vt 0 0.625
vt 0.03125 0.625
vt 0.03125 0.546875
vt 0 0.546875
vt 0 0.625
vt 0.03125 0.625
vt 0.03125 0.53125
vt 0 0.53125
vt 0.03125 0.53125
vt 0 0.53125
vt 0 0.625
vt 0.03125 0.625
vt 0.03125 0.625
vt 0 0.625
vt 0 0.53125
vt 0.03125 0.53125
vn -0.3826834323650897 0 -0.9238795325112867
vn 0.9238795325112867 0 -0.3826834323650897
vn 0.3826834323650897 0 0.9238795325112867
vn -0.9238795325112867 0 0.3826834323650897
vn 0 1 0
vn 0 -1 0
usemtl m_8ff1b30b-170e-253e-32f7-64cdd7b0c790
f 140/412/103 143/411/103 141/410/103 138/409/103
f 139/416/104 140/415/104 138/414/104 137/413/104
f 144/420/105 139/419/105 137/418/105 142/417/105
f 143/424/106 144/423/106 142/422/106 141/421/106
f 142/428/107 137/427/107 138/426/107 141/425/107
f 143/432/108 140/431/108 139/430/108 144/429/108
o cube
v 0.09652849625482218 0.4375 0.2485813367163182
v 0.0893531818979767 0.4375 0.23125859548173155
v 0.09652849625482218 0.375 0.2485813367163182
v 0.0893531818979767 0.375 0.23125859548173155
v -0.026131759665934062 0.4375 0.27909402452736776
v -0.018956445309088632 0.4375 0.2964167657619544
v -0.026131759665934062 0.375 0.27909402452736776
v -0.018956445309088632 0.375 0.2964167657619544
vt 0.03125 0.625
vt 0 0.625
vt 0 0.609375
vt 0.03125 0.609375
vt 0 0.625
vt 0.03125 0.625
vt 0.03125 0.609375
vt 0 0.609375
vt 0.03125 0.625
vt 0 0.625
vt 0 0.609375
vt 0.03125 0.609375
vt 0 0.625
vt 0.03125 0.625
vt 0.03125 0.609375
vt 0 0.609375
vt 0 0.625
vt 0.03125 0.625
vt 0.03125 0.609375
vt 0 0.609375
vt 0 0.625
vt 0.03125 0.625
vt 0.03125 0.609375
vt 0 0.609375
vn -0.3826834323650897 0 -0.9238795325112867
vn 0.9238795325112867 0 -0.3826834323650897
vn 0.3826834323650897 0 0.9238795325112867
vn -0.9238795325112867 0 0.3826834323650897
vn 0 1 0
vn 0 -1 0
usemtl m_8ff1b30b-170e-253e-32f7-64cdd7b0c790
f 148/436/109 151/435/109 149/434/109 146/433/109
f 147/440/110 148/439/110 146/438/110 145/437/110
f 152/444/111 147/443/111 145/442/111 150/441/111
f 151/448/112 152/447/112 150/446/112 149/445/112
f 150/452/113 145/451/113 146/450/113 149/449/113
f 151/456/114 148/455/114 147/454/114 152/453/114
o cube
v 0.33798405382297636 0.875 0.1275958211805659
v 0.14664233764043144 0.875 -0.3343439450750775
v 0.33798405382297636 0.4375 0.1275958211805659
v 0.14664233764043144 0.4375 -0.3343439450750775
v 0.12931959640584478 0.875 -0.327168630718232
v 0.3206613125883897 0.875 0.13477113553741127
v 0.12931959640584478 0.4375 -0.327168630718232
v 0.3206613125883897 0.4375 0.13477113553741127
vt 0.125 0.625
vt 0.125 0.625
vt 0.125 0.515625
vt 0.125 0.515625
vt 0.125 0.625
vt 0 0.625
vt 0 0.515625
vt 0.125 0.515625
vt 0 0.625
vt 0.09375 0.625
vt 0.09375 0.515625
vt 0 0.515625
vt 0.125 0.625
vt 0 0.625
vt 0 0.515625
vt 0.125 0.515625
vt 0 0.515625
vt 0.09375 0.515625
vt 0.09375 0.625
vt 0 0.625
vt 0 0.625
vt 0.125 0.625
vt 0.125 0.5
vt 0 0.5
vn -0.3826834323650897 0 -0.9238795325112867
vn 0.9238795325112867 0 -0.3826834323650897
vn 0.3826834323650897 0 0.9238795325112867
vn -0.9238795325112867 0 0.3826834323650897
vn 0 1 0
vn 0 -1 0
usemtl m_8ff1b30b-170e-253e-32f7-64cdd7b0c790
f 156/460/115 159/459/115 157/458/115 154/457/115
f 155/464/116 156/463/116 154/462/116 153/461/116
f 160/468/117 155/467/117 153/466/117 158/465/117
f 159/472/118 160/471/118 158/470/118 157/469/118
f 158/476/119 153/475/119 154/474/119 157/473/119
f 159/480/120 156/479/120 155/478/120 160/477/120
o cube
v -0.14127845366725356 0.875 0.3261128517199561
v -0.3326201698497985 0.875 -0.13582691453568724
v -0.14127845366725356 0.4375 0.3261128517199561
v -0.3326201698497985 0.4375 -0.13582691453568724
v -0.34994291108438513 0.875 -0.1286516001788418
v -0.15860119490184021 0.875 0.33328816607680145
v -0.34994291108438513 0.4375 -0.1286516001788418
v -0.15860119490184021 0.4375 0.33328816607680145
vt 0.125 0.625
vt 0.125 0.625
vt 0.125 0.515625
vt 0.125 0.515625
vt 0 0.625
vt 0.125 0.625
vt 0.125 0.515625
vt 0 0.515625
vt 0 0.625
vt 0.125 0.625
vt 0.125 0.515625
vt 0 0.515625
vt 0 0.625
vt 0.03125 0.625
vt 0.03125 0.515625
vt 0 0.515625
vt 0 0.515625
vt 0.125 0.515625
vt 0.125 0.625
vt 0 0.625
vt 0 0.625
vt 0.125 0.625
vt 0.125 0.5
vt 0 0.5
vn -0.3826834323650897 0 -0.9238795325112867
vn 0.9238795325112867 0 -0.3826834323650897
vn 0.3826834323650897 0 0.9238795325112867
vn -0.9238795325112867 0 0.3826834323650897
vn 0 1 0
vn 0 -1 0
usemtl m_8ff1b30b-170e-253e-32f7-64cdd7b0c790
f 164/484/121 167/483/121 165/482/121 162/481/121
f 163/488/122 164/487/122 162/486/122 161/485/122
f 168/492/123 163/491/123 161/490/123 166/489/123
f 167/496/124 168/495/124 166/494/124 165/493/124
f 166/500/125 161/499/125 162/498/125 165/497/125
f 167/504/126 164/503/126 163/502/126 168/501/126
o flat hair
v 0.12874217169802527 0.875 -0.32692945357300396
v 0.12156685734117989 0.875 -0.34425219480759056
v 0.12874217169802527 0.5625 -0.32692945357300396
v 0.12156685734117989 0.5625 -0.34425219480759056
v 0.006081915777269131 0.875 -0.2964167657619543
v 0.013257230134114506 0.875 -0.2790940245273677
v 0.006081915777269131 0.5625 -0.2964167657619543
v 0.013257230134114506 0.5625 -0.2790940245273677
vt 0 1
vt 0.03125 1
vt 0.03125 0.921875
vt 0 0.921875
vt 0 1
vt 0.03125 1
vt 0.03125 0.921875
vt 0 0.921875
vt 0 1
vt 0.03125 1
vt 0.03125 0.921875
vt 0 0.921875
vt 0.03125 1
vt 0 1
vt 0 0.921875
vt 0.03125 0.921875
vt 0.03125 1
vt 0 1
vt 0 0.921875
vt 0.03125 0.921875
vt 0.0625 1
vt 0.03125 1
vt 0.03125 0.921875
vt 0.0625 0.921875
vn -0.3826834323650897 0 -0.9238795325112867
vn 0.9238795325112867 0 -0.3826834323650897
vn 0.3826834323650897 0 0.9238795325112867
vn -0.9238795325112867 0 0.3826834323650897
vn 0 1 0
vn 0 -1 0
usemtl m_8ff1b30b-170e-253e-32f7-64cdd7b0c790
f 172/508/127 175/507/127 173/506/127 170/505/127
f 171/512/128 172/511/128 170/510/128 169/509/128
f 176/516/129 171/515/129 169/514/129 174/513/129
f 175/520/130 176/519/130 174/518/130 173/517/130
f 174/524/131 169/523/131 170/522/131 173/521/131
f 175/528/132 172/527/132 171/526/132 176/525/132
o flat hair
v -0.21771265299370723 0.875 -0.18342316643609524
v -0.2248879673505526 0.875 -0.20074590767068184
v -0.21771265299370723 0.5625 -0.18342316643609524
v -0.2248879673505526 0.5625 -0.20074590767068184
v -0.34037290891446337 0.875 -0.1529104786250456
v -0.333197594557618 0.875 -0.13558773739045904
v -0.34037290891446337 0.5625 -0.1529104786250456
v -0.333197594557618 0.5625 -0.13558773739045904
vt 0.03125 1
vt 0 1
vt 0 0.921875
vt 0.03125 0.921875
vt 0.03125 1
vt 0.0625 1
vt 0.0625 0.921875
vt 0.03125 0.921875
vt 0.0625 1
vt 0.03125 1
vt 0.03125 0.921875
vt 0.0625 0.921875
vt 0 1
vt 0.03125 1
vt 0.03125 0.921875
vt 0 0.921875
vt 0 1
vt 0.03125 1
vt 0.03125 0.921875
vt 0 0.921875
vt 0.03125 1
vt 0.0625 1
vt 0.0625 0.921875
vt 0.03125 0.921875
vn -0.3826834323650897 0 -0.9238795325112867
vn 0.9238795325112867 0 -0.3826834323650897
vn 0.3826834323650897 0 0.9238795325112867
vn -0.9238795325112867 0 0.3826834323650897
vn 0 1 0
vn 0 -1 0
usemtl m_8ff1b30b-170e-253e-32f7-64cdd7b0c790
f 180/532/133 183/531/133 181/530/133 178/529/133
f 179/536/134 180/535/134 178/534/134 177/533/134
f 184/540/135 179/539/135 177/538/135 182/537/135
f 183/544/136 184/543/136 182/542/136 181/541/136
f 182/548/137 177/547/137 178/546/137 181/545/137
f 183/552/138 180/551/138 179/550/138 184/549/138
o cube
v 0.3274983793826439 0.4375 0.1529104786250457
v 0.32032306502579844 0.4375 0.13558773739045904
v 0.3274983793826439 0.375 0.1529104786250457
v 0.32032306502579844 0.375 0.13558773739045904
v 0.20483812346188768 0.4375 0.18342316643609524
v 0.21201343781873305 0.4375 0.2007459076706819
v 0.20483812346188768 0.375 0.18342316643609524
v 0.21201343781873305 0.375 0.2007459076706819
vt 0 0.625
vt 0.03125 0.625
vt 0.03125 0.609375
vt 0 0.609375
vt 0 0.625
vt 0.03125 0.625
vt 0.03125 0.609375
vt 0 0.609375
vt 0 0.625
vt 0.03125 0.625
vt 0.03125 0.609375
vt 0 0.609375
vt 0 0.625
vt 0.03125 0.625
vt 0.03125 0.609375
vt 0 0.609375
vt 0.03125 0.625
vt 0 0.625
vt 0 0.609375
vt 0.03125 0.609375
vt 0.03125 0.625
vt 0 0.625
vt 0 0.609375
vt 0.03125 0.609375
vn -0.3826834323650897 0 -0.9238795325112867
vn 0.9238795325112867 0 -0.3826834323650897
vn 0.3826834323650897 0 0.9238795325112867
vn -0.9238795325112867 0 0.3826834323650897
vn 0 1 0
vn 0 -1 0
usemtl m_8ff1b30b-170e-253e-32f7-64cdd7b0c790
f 188/556/139 191/555/139 189/554/139 186/553/139
f 187/560/140 188/559/140 186/558/140 185/557/140
f 192/564/141 187/563/141 185/562/141 190/561/141
f 191/568/142 192/567/142 190/566/142 189/565/142
f 190/572/143 185/571/143 186/570/143 189/569/143
f 191/576/144 188/575/144 187/574/144 192/573/144
o LEG LEF
v -0.10037820811498549 0.125 -0.0541140111022691
v -0.2771549034116224 0.125 -0.23089070639890596
v -0.10037820811498549 0 -0.0541140111022691
v -0.2771549034116224 0 -0.23089070639890596
v -0.3655432510599409 0.125 -0.14250235875058748
v -0.18876655576330398 0.125 0.03427433654604939
v -0.3655432510599409 0 -0.14250235875058748
v -0.18876655576330398 0 0.03427433654604939
vt 0.25 0.515625
vt 0.28125 0.515625
vt 0.28125 0.484375
vt 0.25 0.484375
vt 0.1875 0.515625
vt 0.25 0.515625
vt 0.25 0.484375
vt 0.1875 0.484375
vt 0.34375 0.515625
vt 0.375 0.515625
vt 0.375 0.484375
vt 0.34375 0.484375
vt 0.28125 0.515625
vt 0.34375 0.515625
vt 0.34375 0.484375
vt 0.28125 0.484375
vt 0.28125 0.515625
vt 0.25 0.515625
vt 0.25 0.578125
vt 0.28125 0.578125
vt 0.3125 0.578125
vt 0.28125 0.578125
vt 0.28125 0.515625
vt 0.3125 0.515625
vn -0.7071067811865476 0 -0.7071067811865476
vn 0.7071067811865476 0 -0.7071067811865476
vn 0.7071067811865476 0 0.7071067811865476
vn -0.7071067811865476 0 0.7071067811865476
vn 0 1 0
vn 0 -1 0
usemtl m_8ff1b30b-170e-253e-32f7-64cdd7b0c790
f 196/580/145 199/579/145 197/578/145 194/577/145
f 195/584/146 196/583/146 194/582/146 193/581/146
f 200/588/147 195/587/147 193/586/147 198/585/147
f 199/592/148 200/591/148 198/590/148 197/589/148
f 198/596/149 193/595/149 194/594/149 197/593/149
f 199/600/150 196/599/150 195/598/150 200/597/150
o rei right hand
v 0.4384705347875508 0.13258252147247762 -0.11697557962493055
v 0.3906351057419146 0.13258252147247762 -0.23246052118884142
v 0.35681034948277723 0.044194173824159244 -0.08315082336579327
v 0.30897492043714103 0.044194173824159244 -0.19863576492970408
v 0.14565454982759396 0.397747564417433 -0.13098625241142947
v 0.19348997887323016 0.397747564417433 -0.015501310847518712
v 0.06399436452282048 0.3093592167691146 -0.09716149615229219
v 0.11182979356845668 0.3093592167691146 0.018323445411618677
vt 0.40625 0.71875
vt 0.5 0.71875
vt 0.5 0.6875
vt 0.40625 0.6875
vt 0.375 0.71875
vt 0.40625 0.71875
vt 0.40625 0.6875
vt 0.375 0.6875
vt 0.53125 0.71875
vt 0.625 0.71875
vt 0.625 0.6875
vt 0.53125 0.6875
vt 0.5 0.71875
vt 0.53125 0.71875
vt 0.53125 0.6875
vt 0.5 0.6875
vt 0.5 0.71875
vt 0.40625 0.71875
vt 0.40625 0.75
vt 0.5 0.75
vt 0.59375 0.75
vt 0.5 0.75
vt 0.5 0.71875
vt 0.59375 0.71875
vn -0.3826834323650897 0 -0.9238795325112867
vn 0.6532814824381883 -0.7071067811865476 -0.2705980500730985
vn 0.3826834323650897 0 0.9238795325112867
vn -0.6532814824381883 0.7071067811865476 0.2705980500730985
vn 0.6532814824381884 0.7071067811865475 -0.27059805007309856
vn -0.6532814824381884 -0.7071067811865475 0.27059805007309856
usemtl m_8ff1b30b-170e-253e-32f7-64cdd7b0c790
f 204/604/151 207/603/151 205/602/151 202/601/151
f 203/608/152 204/607/152 202/606/152 201/605/152
f 208/612/153 203/611/153 201/610/153 206/609/153
f 207/616/154 208/615/154 206/614/154 205/613/154
f 206/620/155 201/619/155 202/618/155 205/617/155
f 207/624/156 204/623/156 203/622/156 208/621/156
o leftreihand
v -0.158768256504642 0.397747564417433 0.13040882770360995
v -0.20660368555027814 0.397747564417433 0.014923886139699194
v -0.0771080711998684 0.3093592167691145 0.09658407144447256
v -0.1249435002455046 0.3093592167691145 -0.018900870119438196
v -0.45158424146459863 0.13258252147247762 0.11639815491711103
v -0.40374881241896243 0.13258252147247762 0.2318830964810219
v -0.36992405615982515 0.04419417382415913 0.08257339865797375
v -0.32208862711418895 0.04419417382415913 0.1980583402218845
vt 0.40625 0.71875
vt 0.5 0.71875
vt 0.5 0.6875
vt 0.40625 0.6875
vt 0.375 0.71875
vt 0.40625 0.71875
vt 0.40625 0.6875
vt 0.375 0.6875
vt 0.53125 0.71875
vt 0.625 0.71875
vt 0.625 0.6875
vt 0.53125 0.6875
vt 0.5 0.71875
vt 0.53125 0.71875
vt 0.53125 0.6875
vt 0.5 0.6875
vt 0.5 0.71875
vt 0.40625 0.71875
vt 0.40625 0.75
vt 0.5 0.75
vt 0.59375 0.75
vt 0.5 0.75
vt 0.5 0.71875
vt 0.59375 0.71875
vn -0.3826834323650897 0 -0.9238795325112867
vn 0.6532814824381883 0.7071067811865476 -0.2705980500730985
vn 0.3826834323650897 0 0.9238795325112867
vn -0.6532814824381883 -0.7071067811865476 0.2705980500730985
vn -0.6532814824381884 0.7071067811865475 0.27059805007309856
vn 0.6532814824381884 -0.7071067811865475 -0.27059805007309856
usemtl m_8ff1b30b-170e-253e-32f7-64cdd7b0c790
f 212/628/157 215/627/157 213/626/157 210/625/157
f 211/632/158 212/631/158 210/630/158 209/629/158
f 216/636/159 211/635/159 209/634/159 214/633/159
f 215/640/160 216/639/160 214/638/160 213/637/160
f 214/644/161 209/643/161 210/642/161 213/641/161
f 215/648/162 212/647/162 211/646/162 216/645/162
o LEG LEFT
v 0.14672462909966422 0.125 -0.1046906622808112
v 0.14672462909966422 0.125 -0.35469066228081125
v 0.14672462909966422 0 -0.1046906622808112
v 0.14672462909966422 0 -0.35469066228081125
v 0.021724629099664217 0.125 -0.35469066228081125
v 0.021724629099664217 0.125 -0.1046906622808112
v 0.021724629099664217 0 -0.35469066228081125
v 0.021724629099664217 0 -0.1046906622808112
vt 0.25 0.515625
vt 0.28125 0.515625
vt 0.28125 0.484375
vt 0.25 0.484375
vt 0.1875 0.515625
vt 0.25 0.515625
vt 0.25 0.484375
vt 0.1875 0.484375
vt 0.34375 0.515625
vt 0.375 0.515625
vt 0.375 0.484375
vt 0.34375 0.484375
vt 0.28125 0.515625
vt 0.34375 0.515625
vt 0.34375 0.484375
vt 0.28125 0.484375
vt 0.28125 0.515625
vt 0.25 0.515625
vt 0.25 0.578125
vt 0.28125 0.578125
vt 0.3125 0.578125
vt 0.28125 0.578125
vt 0.28125 0.515625
vt 0.3125 0.515625
vn 0 0 -1
vn 1 0 0
vn 0 0 1
vn -1 0 0
vn 0 1 0
vn 0 -1 0
usemtl m_8ff1b30b-170e-253e-32f7-64cdd7b0c790
f 220/652/163 223/651/163 221/650/163 218/649/163
f 219/656/164 220/655/164 218/654/164 217/653/164
f 224/660/165 219/659/165 217/658/165 222/657/165
f 223/664/166 224/663/166 222/662/166 221/661/166
f 222/668/167 217/667/167 218/666/167 221/665/167
f 223/672/168 220/671/168 219/670/168 224/669/168
o Rei head
v 0.3200838878805701 0.875 0.1350103126826394
v 0.12874217169802527 0.875 -0.32692945357300385
v 0.3200838878805701 0.375 0.1350103126826394
v 0.12874217169802527 0.375 -0.32692945357300385
v -0.33319759455761805 0.875 -0.13558773739045904
v -0.14185587837507313 0.875 0.32635202886518433
v -0.33319759455761805 0.375 -0.13558773739045904
v -0.14185587837507313 0.375 0.32635202886518433
vt 0.125 0.875
vt 0.25 0.875
vt 0.25 0.75
vt 0.125 0.75
vt 0 0.875
vt 0.125 0.875
vt 0.125 0.75
vt 0 0.75
vt 0.375 0.875
vt 0.5 0.875
vt 0.5 0.75
vt 0.375 0.75
vt 0.25 0.875
vt 0.375 0.875
vt 0.375 0.75
vt 0.25 0.75
vt 0.25 0.875
vt 0.125 0.875
vt 0.125 1
vt 0.25 1
vt 0.375 1
vt 0.25 1
vt 0.25 0.875
vt 0.375 0.875
vn -0.3826834323650897 0 -0.9238795325112867
vn 0.9238795325112867 0 -0.3826834323650897
vn 0.3826834323650897 0 0.9238795325112867
vn -0.9238795325112867 0 0.3826834323650897
vn 0 1 0
vn 0 -1 0
usemtl m_8ff1b30b-170e-253e-32f7-64cdd7b0c790
f 228/676/169 231/675/169 229/674/169 226/673/169
f 227/680/170 228/679/170 226/678/170 225/677/170
f 232/684/171 227/683/171 225/682/171 230/681/171
f 231/688/172 232/687/172 230/686/172 229/685/172
f 230/692/173 225/691/173 226/690/173 229/689/173
f 231/696/174 228/695/174 227/694/174 232/693/174
o rei body
v 0.2145059880529785 0.375 0.04344308564154675
v 0.1188351299617062 0.375 -0.187526797486275
v 0.2145059880529785 0 0.04344308564154675
v 0.1188351299617062 0 -0.187526797486275
v -0.22761969473002647 0.375 -0.04402051034936627
v -0.131948836638754 0.375 0.18694937277845536
v -0.22761969473002647 0 -0.04402051034936627
v -0.131948836638754 0 0.18694937277845536
vt 0.375 0.625
vt 0.46875 0.625
vt 0.46875 0.53125
vt 0.375 0.53125
vt 0.3125 0.625
vt 0.375 0.625
vt 0.375 0.53125
vt 0.3125 0.53125
vt 0.53125 0.625
vt 0.625 0.625
vt 0.625 0.53125
vt 0.53125 0.53125
vt 0.46875 0.625
vt 0.53125 0.625
vt 0.53125 0.53125
vt 0.46875 0.53125
vt 0.46875 0.625
vt 0.375 0.625
vt 0.375 0.6875
vt 0.46875 0.6875
vt 0.5625 0.6875
vt 0.46875 0.6875
vt 0.46875 0.625
vt 0.5625 0.625
vn -0.3826834323650897 0 -0.9238795325112867
vn 0.9238795325112867 0 -0.3826834323650897
vn 0.3826834323650897 0 0.9238795325112867
vn -0.9238795325112867 0 0.3826834323650897
vn 0 1 0
vn 0 -1 0
usemtl m_8ff1b30b-170e-253e-32f7-64cdd7b0c790
f 236/700/175 239/699/175 237/698/175 234/697/175
f 235/704/176 236/703/176 234/702/176 233/701/176
f 240/708/177 235/707/177 233/706/177 238/705/177
f 239/712/178 240/711/178 238/710/178 237/709/178
f 238/716/179 233/715/179 234/714/179 237/713/179
f 239/720/180 236/719/180 235/718/180 240/717/180